RECT	193	166	270	273	
SQUARE	2352	203	
TRIANG	774	228	633	342	871	375	
CIRC	4478	187	
HEXA	5406	332	
HEXA	6207	372	
HEXA	7328	442	
HEXA	8656	128	
HEXA	91092	213	
TRIANG	1110	364	1099	476	1256	398	
SQUARE	11647	422	
RECT	12883	95	946	277	
TRIANG	829	98	790	202	697	207	
TRIANG	589	222	555	316	487	270	
TRIANG	1182	123	1190	237	1395	336	
TRIANG	1006	451	893	537	1261	600	
TRIANG	774	522	444	562	484	471	
TRIANG	41	449	65	587	160	575	
RECT	1927	243	48	349	
SQUARE	2048	207	
RECT	212	91	436	101	
RECT	2259	67	354	119	
RECT	23545	138	278	237	
TRIANG	881	460	795	450	879	398	
